0.00694 1.13996 0.01247 0.42001 0.00175 0.35540
0.00800 1.18124 0.01255 0.50015 0.00152 0.26759
0.00763 1.18177 0.16540 0.49416 0.07785 0.26732
-0.39204  1.16543 -0.14438  0.49654  0.06033  0.26825
-0.29232  0.97662 -0.05429  0.45138  0.05495  0.38400
-0.29263  0.97686  0.12384  0.43459  0.13424  0.38385
-0.74279  1.05613 -0.35668  0.43359  0.10326  0.34225
-0.51913  0.87005 -0.17199  0.37228  0.08160  0.43525
-1.18719  0.87423 -0.17380  0.37222  0.08207  0.43423
-0.00589  0.91389 -0.00737  0.35777 -0.09845  0.38072
0.00836 0.91185 0.00933 0.35807 0.20335 0.38220
0.56469 0.84817 0.00206 0.35813 0.09479 0.38184
-0.25202  0.98267 -0.25391  0.40592  0.03286  0.32648
-0.24638  0.97699 -0.24827  0.48040  0.03311  0.32921
-0.24122  0.98470 -0.24133  0.39144  0.18035  0.27609
-1.25753  0.98086 -0.24905  0.39201  0.18090  0.27667











